0 0 0 30
0.01 0 0 29.85
0.02 0 0 29.7
0.03 0 0 29.55
0.04 0 0 29.4
0.05 0 0 29.25
0.06 0 0 29.1
0.07 0 0 28.95
0.08 0 0 28.8
0.09 0 0 28.65
0.1 0 0 28.5
0.11 0 0 28.35
0.12 0 0 28.2
0.13 0 0 28.05
0.14 0 0 27.9
0.15 0 0 27.75
0.16 0 0 27.6
0.17 0 0 27.45
0.18 0 0 27.3
0.19 0 0 27.15
0.2 0 0 27
0.21 0 0 26.85
0.22 0 0 26.7
0.23 0 0 26.55
0.24 0 0 26.4
0.25 0 0 26.25
0.26 0 0 26.1
0.27 0 0 25.95
0.28 0 0 25.8
0.29 0 0 25.65
0.3 0 0 25.5
0.31 0 0 25.35
0.32 0 0 25.2
0.33 0 0 25.05
0.34 0 0 24.9
0.35 0 0 24.75
0.36 0 0 24.6
0.37 0 0 24.45
0.38 0 0 24.3
0.39 0 0 24.15
0.4 0 0 24
0.41 0 0 23.85
0.42 0 0 23.7
0.43 0 0 23.55
0.44 0 0 23.4
0.45 0 0 23.25
0.46 0 0 23.1
0.47 0 0 22.95
0.48 0 0 22.8
0.49 0 0 22.65
0.5 0 0 22.5
0.51 0 0 22.35
0.52 0 0 22.2
0.53 0 0 22.05
0.54 0 0 21.9
0.55 0 0 21.75
0.56 0 0 21.6
0.57 0 0 21.45
0.58 0 0 21.3
0.59 0 0 21.15
0.6 0 0 21
0.61 0 0 20.85
0.62 0 0 20.7
0.63 0 0 20.55
0.64 0 0 20.4
0.65 0 0 20.25
0.66 0 0 20.1
0.67 0 0 19.95
0.68 0 0 19.8
0.69 0 0 19.65
0.7 0 0 19.5
0.71 0 0 19.35
0.72 0 0 19.2
0.73 0 0 19.05
0.74 0 0 18.9
0.75 0 0 18.75
0.76 0 0 18.6
0.77 0 0 18.45
0.78 0 0 18.3
0.79 0 0 18.15
0.8 0 0 18
0.81 0 0 17.85
0.82 0 0 17.7
0.83 0 0 17.55
0.84 0 0 17.4
0.85 0 0 17.25
0.86 0 0 17.1
0.87 0 0 16.95
0.88 0 0 16.8
0.89 0 0 16.65
0.9 0 0 16.5
0.91 0 0 16.35
0.92 0 0 16.2
0.93 0 0 16.05
0.94 0 0 15.9
0.95 0 0 15.75
0.96 0 0 15.6
0.97 0 0 15.45
0.98 0 0 15.3
0.99 0 0 15.15
1 0 0 15
